PWR PIN-CELL benchmark Phase VII (UO2, 4.5 w/o U235)
c CELL CARDS
1  1 -10.24  -7      u=1     imp:n=1         $Fuel
2  2 -6.504   7 -8   u=1     imp:n=1         $Clad
3  3 -1.000   8      u=1     imp:n=1         $Water outside clad
4  3 -1.00   -9      u=2     imp:n=1         $Water inside guide tube
5  2 -6.504   9 -10  u=2     imp:n=1         $Guide tube
6  3 -1.000   10     u=2     imp:n=1         $Water outside guide tube
7  0          3 -4 5 -6 lat=1  u=3  imp:n=1  $Fuel element lattice
              fill=-8:8 -8:8 0:0
              1 1 1 1 1 1 1 1 1 1 1 1 1 1 1 1 1
              1 1 1 1 1 1 1 1 1 1 1 1 1 1 1 1 1
              1 1 1 1 1 2 1 1 2 1 1 2 1 1 1 1 1
              1 1 1 2 1 1 1 1 1 1 1 1 1 2 1 1 1
              1 1 1 1 1 1 1 1 1 1 1 1 1 1 1 1 1
              1 1 2 1 1 2 1 1 2 1 1 2 1 1 2 1 1
              1 1 1 1 1 1 1 1 1 1 1 1 1 1 1 1 1
              1 1 1 1 1 1 1 1 1 1 1 1 1 1 1 1 1
              1 1 2 1 1 2 1 1 2 1 1 2 1 1 2 1 1
              1 1 1 1 1 1 1 1 1 1 1 1 1 1 1 1 1
              1 1 1 1 1 1 1 1 1 1 1 1 1 1 1 1 1
              1 1 2 1 1 2 1 1 2 1 1 2 1 1 2 1 1
              1 1 1 1 1 1 1 1 1 1 1 1 1 1 1 1 1
              1 1 1 2 1 1 1 1 1 1 1 1 1 2 1 1 1
              1 1 1 1 1 2 1 1 2 1 1 2 1 1 1 1 1
              1 1 1 1 1 1 1 1 1 1 1 1 1 1 1 1 1
              1 1 1 1 1 1 1 1 1 1 1 1 1 1 1 1 1
8  0          11 -12 13 -14  fill=3  u=4  imp:n=1  $Fuel element
9  3   -1.0  -11:12:-13:14           u=4  imp:n=1  $Water outside fuel element
10  0         1 -2 15 -16 17 -18  fill=4  imp:n=1  $Fuel element + water gap
999 0        -1:2:-15:16:-17:18           imp:n=0  $Outside void

c SURFACE CARDS
 1  pz -200
 2  pz  200
 3  px -0.6325
 4  px  0.6325
 5  py -0.6325
 6  py  0.6325
 7  cz  0.4127 
 8  cz  0.4744
 9  cz 0.57294
 10 cz 0.61301
 11 px -10.7525
 12 px 10.7525
 13 py -10.7525 
 14 py 10.7525
 15 px -10.8055
 16 px 10.8055
 17 py -10.8055
 18 py 10.8055

c DATA CARDS 
m1   92235.60c 1.0916E-03    $Fresh fuel
     92238.60c 2.2859E-02
     92236.60c 5.0726E-06
     92234.60c 9.5013E-06
      8016.60c 4.7923E-02
m2   40000.60c 3.956E-02     $Fuel cladding 
      8016.60c 2.874E-04
     26000.55c 1.383E-04
     24000.50c 7.073E-05 
m3    1001.60c 0.662         $H2O
      8016.60c 0.331
mt3   lwtr.01t
f4:n ((1 2 3) < 7 [0 -1 0] < 8 <10)
sd4 1
f14:n ((1 2 3) < 7 [8 8 0] < 8 <10)
sd14 1
ksrc  0.0 0.0 -1.0 
      0.0 0.0 0.0 
      0.0 0.0 1.0 
kcode 1500 1.0 50 550
